1.000000000000000000e+00 5.273600000000000136e+02 7.118700000000000045e+02 6.144600000000000364e+02 5.727138066666666418e+03
2.000000000000000000e+00 5.978000000000000114e+01 5.480000000000000000e+02 3.572733333333333121e+02 4.542602195555556682e+04
3.000000000000000000e+00 2.778799999999999955e+02 5.299099999999999682e+02 4.147300000000000182e+02 1.082131459999999788e+04
4.000000000000000000e+00 1.869000000000000057e+02 4.784399999999999977e+02 3.733133333333333326e+02 1.746968968888889140e+04
5.000000000000000000e+00 2.386299999999999955e+02 5.373899999999999864e+02 4.187866666666666902e+02 1.677066268888888590e+04
6.000000000000000000e+00 2.563999999999999773e+02 4.305699999999999932e+02 3.464133333333332416e+02 5.073015088888890205e+03
7.000000000000000000e+00 5.212200000000000273e+02 8.626200000000000045e+02 6.492099999999999227e+02 2.307394819999999891e+04
8.000000000000000000e+00 3.752900000000000205e+02 5.199500000000000455e+02 4.385600000000000023e+02 3.651919800000001487e+03
9.000000000000000000e+00 2.649599999999999795e+02 4.508799999999999955e+02 3.805433333333333508e+02 6.784671488888890053e+03
1.000000000000000000e+01 2.843700000000000045e+02 6.111799999999999500e+02 4.225866666666665878e+02 1.906970028888888191e+04
